Block info:204 204 204 204 
(25,28) (12,31) ->(25,28) (12,31) 
Block info:204 204 204 209 
(27,28) ->(27,28) 
Block info:204 204 204 210 
(6,22) ->(6,22) 
Block info:204 205 204 204 
(14,11) (2,10) ->(14,11) (2,10) 
Block info:204 204 205 212 
(15,0) ->(15,0) 
Block info:204 204 205 218 
(1,26) ->(1,26) 
Block info:204 207 204 204 
(9,31) (2,20) ->(9,31) (2,20) 
Block info:204 204 207 209 
(0,12) ->(0,12) 
Block info:208 204 204 204 
(15,11) (12,9) (0,11) ->(15,11) (12,9) (0,11) 
Block info:204 204 208 211 
(30,19) ->(30,19) 
Block info:204 208 204 213 
(1,10) ->(1,10) 
Block info:204 204 208 224 
(13,22) ->(13,22) 
Block info:204 204 209 204 
(13,23) (7,14) ->(13,23) (7,14) 
Block info:204 210 204 204 
(5,12) ->(5,12) 
Block info:204 210 204 205 
(5,3) ->(5,3) 
Block info:204 204 210 212 
(8,10) ->(8,10) 
Block info:204 204 211 204 
(31,19) ->(31,19) 
Block info:204 211 204 207 
(18,10) ->(18,10) 
Block info:204 211 204 220 
(14,23) ->(14,23) 
Block info:212 204 204 205 
(6,14) ->(6,14) 
Block info:204 212 204 216 
(1,12) ->(1,12) 
Block info:204 212 204 220 
(10,12) ->(10,12) 
Block info:213 204 204 204 
(9,10) ->(9,10) 
Block info:204 213 204 216 
(20,5) ->(20,5) 
Block info:204 215 204 205 
(26,28) ->(26,28) 
Block info:204 217 204 222 
(11,12) ->(11,12) 
Block info:204 218 204 220 
(23,2) ->(23,2) 
Block info:204 218 204 225 
(16,5) ->(16,5) 
Block info:204 204 219 204 
(4,11) ->(4,11) 
Block info:204 219 204 219 
(31,24) ->(31,24) 
Block info:204 220 204 205 
(22,28) ->(22,28) 
Block info:204 220 204 218 
(0,14) ->(0,14) 
Block info:204 225 204 214 
(30,11) ->(30,11) 
Block info:204 225 204 228 
(16,0) ->(16,0) 
Block info:204 229 204 228 
(1,14) ->(1,14) 
Block info:204 204 231 204 
(11,6) ->(11,6) 
Block info:204 231 204 233 
(28,25) ->(28,25) 
Block info:204 232 204 227 
(25,26) ->(25,26) 
Block info:204 233 204 225 
(18,5) ->(18,5) 
Block info:204 235 204 229 
(29,8) ->(29,8) 
Block info:204 239 204 226 
(11,29) ->(11,29) 
Block info:204 239 204 244 
(21,28) ->(21,28) 
Block info:204 240 204 230 
(30,25) ->(30,25) 
Block info:204 241 204 247 
(17,17) ->(17,17) 
Block info:204 242 204 243 
(25,20) ->(25,20) 
Block info:204 244 204 247 
(31,25) ->(31,25) 
Block info:204 251 204 243 
(26,29) ->(26,29) 
Block info:204 252 204 255 
(23,31) ->(23,31) 
Block info:204 253 204 244 
(24,26) ->(24,26) 
Block info:204 255 204 244 
(10,7) ->(10,7) 
Block info:204 205 206 204 
(4,14) ->(4,14) 
Block info:207 204 205 209 
(3,20) ->(3,20) 
Block info:204 205 208 204 
(5,14) ->(5,14) 
Block info:204 205 208 218 
(2,13) ->(2,13) 
Block info:210 205 204 204 
(7,12) ->(7,12) 
Block info:204 205 211 204 
(3,22) ->(3,22) 
Block info:213 205 204 204 
(3,11) ->(3,11) 
Block info:205 214 204 224 
(26,16) ->(26,16) 
Block info:204 215 205 218 
(4,20) ->(4,20) 
Block info:205 204 216 215 
(3,10) ->(3,10) 
Block info:205 216 204 230 
(5,8) ->(5,8) 
Block info:205 221 204 218 
(4,3) ->(4,3) 
Block info:205 221 204 219 
(4,12) ->(4,12) 
Block info:205 222 204 217 
(1,2) ->(1,2) 
Block info:204 224 205 217 
(18,17) ->(18,17) 
Block info:204 224 205 224 
(11,23) ->(11,23) 
Block info:205 226 204 228 
(22,2) ->(22,2) 
Block info:204 240 205 225 
(10,29) ->(10,29) 
Block info:205 242 204 255 
(22,31) ->(22,31) 
Block info:204 244 205 240 
(10,23) ->(10,23) 
Block info:206 207 204 204 
(8,12) ->(8,12) 
Block info:204 206 207 209 
(7,29) ->(7,29) 
Block info:208 204 206 208 
(16,2) ->(16,2) 
Block info:208 206 204 216 
(8,14) ->(8,14) 
Block info:206 204 209 212 
(8,6) ->(8,6) 
Block info:206 210 204 204 
(22,11) ->(22,11) 
Block info:211 206 204 204 
(15,2) ->(15,2) 
Block info:206 215 204 208 
(17,1) ->(17,1) 
Block info:206 204 218 210 
(0,29) ->(0,29) 
Block info:206 204 221 204 
(1,22) ->(1,22) 
Block info:204 239 206 249 
(4,1) ->(4,1) 
Block info:206 255 204 255 
(25,29) ->(25,29) 
Block info:207 208 204 212 
(10,31) ->(10,31) 
Block info:204 209 207 226 
(19,5) ->(19,5) 
Block info:204 210 207 204 
(0,22) ->(0,22) 
Block info:204 211 207 217 
(0,13) ->(0,13) 
Block info:204 213 207 213 
(25,11) ->(25,11) 
Block info:204 216 207 218 
(2,12) ->(2,12) 
Block info:207 217 204 222 
(10,1) ->(10,1) 
Block info:207 204 221 214 
(6,3) ->(6,3) 
Block info:207 222 204 224 
(12,29) ->(12,29) 
Block info:207 234 204 212 
(16,1) ->(16,1) 
Block info:204 255 207 251 
(22,26) ->(22,26) 
Block info:209 204 208 208 
(6,29) ->(6,29) 
Block info:210 208 204 208 
(1,13) ->(1,13) 
Block info:204 211 208 209 
(14,5) ->(14,5) 
Block info:208 204 213 204 
(6,12) ->(6,12) 
Block info:208 215 204 215 
(11,5) ->(11,5) 
Block info:216 208 204 204 
(5,22) ->(5,22) 
Block info:208 204 218 217 
(4,22) ->(4,22) 
Block info:208 219 204 211 
(17,10) ->(17,10) 
Block info:208 236 204 224 
(30,16) ->(30,16) 
Block info:208 237 204 229 
(3,26) ->(3,26) 
Block info:204 209 209 208 
(20,17) ->(20,17) 
Block info:211 204 209 210 
(24,28) ->(24,28) 
Block info:209 219 204 204 
(10,6) ->(10,6) 
Block info:204 219 209 225 
(20,19) ->(20,19) 
Block info:204 209 222 207 
(8,1) ->(8,1) 
Block info:209 223 204 218 
(2,26) ->(2,26) 
Block info:209 234 204 220 
(14,28) ->(14,28) 
Block info:210 204 210 204 
(6,6) ->(6,6) 
Block info:210 212 204 204 
(15,5) ->(15,5) 
Block info:204 214 210 221 
(13,9) ->(13,9) 
Block info:232 204 210 204 
(7,31) ->(7,31) 
Block info:204 238 210 235 
(15,1) ->(15,1) 
Block info:210 248 204 249 
(24,25) ->(24,25) 
Block info:204 211 211 204 
(9,12) ->(9,12) 
Block info:211 212 204 214 
(19,10) ->(19,10) 
Block info:214 204 211 204 
(0,10) ->(0,10) 
Block info:204 211 217 204 
(1,11) ->(1,11) 
Block info:211 204 219 204 
(7,6) ->(7,6) 
Block info:204 222 211 225 
(11,1) ->(11,1) 
Block info:223 211 204 211 
(9,19) ->(9,19) 
Block info:204 224 211 224 
(3,13) ->(3,13) 
Block info:204 238 211 241 
(26,25) ->(26,25) 
Block info:212 204 212 220 
(16,19) ->(16,19) 
Block info:215 204 212 211 
(13,0) ->(13,0) 
Block info:204 217 212 207 
(21,5) ->(21,5) 
Block info:204 212 217 217 
(13,31) ->(13,31) 
Block info:204 212 220 213 
(17,0) ->(17,0) 
Block info:212 224 204 211 
(12,5) ->(12,5) 
Block info:227 204 212 215 
(12,19) ->(12,19) 
Block info:204 228 212 232 
(14,22) ->(14,22) 
Block info:212 234 204 230 
(9,29) ->(9,29) 
Block info:212 255 204 254 
(21,26) ->(21,26) 
Block info:204 245 213 242 
(28,3) ->(28,3) 
Block info:204 214 214 219 
(11,10) ->(11,10) 
Block info:214 230 204 232 
(29,25) ->(29,25) 
Block info:231 204 214 205 
(21,11) ->(21,11) 
Block info:204 233 214 224 
(16,17) ->(16,17) 
Block info:204 246 214 246 
(23,22) ->(23,22) 
Block info:214 251 204 247 
(29,16) ->(29,16) 
Block info:215 239 204 225 
(18,11) ->(18,11) 
Block info:215 244 204 231 
(4,25) ->(4,25) 
Block info:216 204 216 204 
(11,31) ->(11,31) 
Block info:216 204 218 204 
(23,11) ->(23,11) 
Block info:216 204 218 206 
(10,5) ->(10,5) 
Block info:218 216 204 213 
(7,22) ->(7,22) 
Block info:204 221 216 221 
(4,26) ->(4,26) 
Block info:217 204 228 204 
(2,2) ->(2,2) 
Block info:204 242 217 240 
(29,3) ->(29,3) 
Block info:218 204 220 206 
(6,10) ->(6,10) 
Block info:218 204 223 213 
(5,19) ->(5,19) 
Block info:228 204 218 207 
(9,5) ->(9,5) 
Block info:218 253 204 245 
(3,1) ->(3,1) 
Block info:219 204 222 204 
(3,19) ->(3,19) 
Block info:219 204 222 208 
(10,19) ->(10,19) 
Block info:204 222 220 227 
(26,26) ->(26,26) 
Block info:226 204 220 208 
(12,0) ->(12,0) 
Block info:220 204 231 204 
(0,9) ->(0,9) 
Block info:220 241 204 244 
(9,23) ->(9,23) 
Block info:221 204 226 209 
(0,31) ->(0,31) 
Block info:226 204 223 207 
(6,9) ->(6,9) 
Block info:204 229 223 218 
(5,20) ->(5,20) 
Block info:224 204 230 209 
(0,30) ->(0,30) 
Block info:204 230 224 234 
(12,12) ->(12,12) 
Block info:224 204 231 205 
(2,31) ->(2,31) 
Block info:224 204 237 207 
(1,29) ->(1,29) 
Block info:225 204 231 204 
(16,4) ->(16,4) 
Block info:243 204 225 204 
(4,9) ->(4,9) 
Block info:230 204 226 208 
(14,2) ->(14,2) 
Block info:226 204 236 204 
(24,24) ->(24,24) 
Block info:227 204 230 215 
(22,21) ->(22,21) 
Block info:233 204 228 205 
(11,19) ->(11,19) 
Block info:246 204 228 212 
(30,13) ->(30,13) 
Block info:229 204 236 209 
(13,2) ->(13,2) 
Block info:230 204 237 204 
(23,24) ->(23,24) 
Block info:232 204 240 204 
(7,13) ->(7,13) 
Block info:233 204 233 207 
(7,9) ->(7,9) 
Block info:233 204 243 209 
(21,20) ->(21,20) 
Block info:234 204 241 211 
(25,24) ->(25,24) 
Block info:245 204 237 213 
(23,1) ->(23,1) 
Block info:237 204 254 213 
(20,4) ->(20,4) 
Block info:238 204 243 206 
(25,17) ->(25,17) 
Block info:242 204 242 214 
(26,17) ->(26,17) 
Block info:242 204 244 208 
(12,13) ->(12,13) 
Block info:251 204 242 204 
(18,4) ->(18,4) 
Block info:246 204 244 208 
(19,4) ->(19,4) 
Block info:205 237 206 241 
(26,13) ->(26,13) 
Block info:205 207 207 207 
(0,28) ->(0,28) 
Block info:205 214 207 214 
(19,2) ->(19,2) 
Block info:218 208 205 213 
(18,2) ->(18,2) 
Block info:208 218 205 216 
(1,20) ->(1,20) 
Block info:205 225 208 217 
(18,6) ->(18,6) 
Block info:215 205 209 205 
(9,1) ->(9,1) 
Block info:205 216 210 210 
(20,2) ->(20,2) 
Block info:222 205 211 209 
(13,5) ->(13,5) 
Block info:205 211 222 223 
(31,2) ->(31,2) 
Block info:205 238 211 242 
(8,7) ->(8,7) 
Block info:205 230 213 246 
(20,28) ->(20,28) 
Block info:221 205 215 204 
(5,11) ->(5,11) 
Block info:205 221 215 219 
(21,19) ->(21,19) 
Block info:215 205 222 204 
(5,9) ->(5,9) 
Block info:216 242 205 242 
(14,20) ->(14,20) 
Block info:205 244 219 255 
(24,31) ->(24,31) 
Block info:205 237 221 236 
(1,23) ->(1,23) 
Block info:221 251 205 253 
(26,31) ->(26,31) 
Block info:233 205 235 204 
(5,13) ->(5,13) 
Block info:235 205 237 204 
(1,9) ->(1,9) 
Block info:241 205 253 207 
(22,16) ->(22,16) 
Block info:255 205 246 213 
(23,16) ->(23,16) 
Block info:206 213 209 218 
(8,29) ->(8,29) 
Block info:209 216 206 204 
(7,10) ->(7,10) 
Block info:209 206 216 222 
(1,3) ->(1,3) 
Block info:206 243 212 239 
(7,8) ->(7,8) 
Block info:221 216 206 221 
(31,20) ->(31,20) 
Block info:219 206 217 212 
(2,22) ->(2,22) 
Block info:206 246 217 255 
(27,18) ->(27,18) 
Block info:230 206 221 204 
(1,21) ->(1,21) 
Block info:229 206 246 216 
(11,14) ->(11,14) 
Block info:250 206 244 210 
(16,25) ->(16,25) 
Block info:251 206 255 204 
(4,31) ->(4,31) 
Block info:251 206 255 212 
(31,17) ->(31,17) 
Block info:209 207 208 204 
(24,11) ->(24,11) 
Block info:207 246 208 248 
(27,31) ->(27,31) 
Block info:207 218 209 211 
(27,11) ->(27,11) 
Block info:207 224 209 224 
(28,11) ->(28,11) 
Block info:217 210 207 204 
(11,9) ->(11,9) 
Block info:207 226 210 226 
(12,11) ->(12,11) 
Block info:211 207 217 204 
(2,11) ->(2,11) 
Block info:211 222 207 212 
(7,1) ->(7,1) 
Block info:211 250 207 255 
(25,25) ->(25,25) 
Block info:207 238 212 245 
(4,23) ->(4,23) 
Block info:207 215 213 208 
(8,31) ->(8,31) 
Block info:213 217 207 204 
(13,11) ->(13,11) 
Block info:215 214 207 223 
(4,7) ->(4,7) 
Block info:218 207 214 210 
(4,2) ->(4,2) 
Block info:214 207 227 212 
(1,28) ->(1,28) 
Block info:207 219 215 214 
(19,19) ->(19,19) 
Block info:207 215 220 221 
(19,11) ->(19,11) 
Block info:215 231 207 223 
(11,11) ->(11,11) 
Block info:221 207 220 204 
(4,19) ->(4,19) 
Block info:246 207 222 218 
(13,13) ->(13,13) 
Block info:225 207 232 204 
(12,6) ->(12,6) 
Block info:226 207 244 209 
(17,4) ->(17,4) 
Block info:227 255 207 247 
(22,22) ->(22,22) 
Block info:234 207 228 210 
(13,6) ->(13,6) 
Block info:229 207 244 211 
(19,1) ->(19,1) 
Block info:234 207 232 204 
(22,17) ->(22,17) 
Block info:237 207 243 211 
(11,2) ->(11,2) 
Block info:208 209 208 206 
(30,2) ->(30,2) 
Block info:208 231 208 237 
(17,5) ->(17,5) 
Block info:208 209 225 204 
(21,17) ->(21,17) 
Block info:208 239 209 243 
(15,10) ->(15,10) 
Block info:210 229 208 229 
(15,31) ->(15,31) 
Block info:210 231 208 216 
(30,28) ->(30,28) 
Block info:208 231 210 227 
(20,6) ->(20,6) 
Block info:208 231 211 228 
(31,29) ->(31,29) 
Block info:212 221 208 216 
(9,6) ->(9,6) 
Block info:208 220 214 222 
(7,27) ->(7,27) 
Block info:208 249 214 255 
(19,29) ->(19,29) 
Block info:217 208 222 211 
(16,23) ->(16,23) 
Block info:223 208 217 206 
(31,13) ->(31,13) 
Block info:208 227 217 227 
(5,26) ->(5,26) 
Block info:217 208 228 224 
(25,2) ->(25,2) 
Block info:208 243 217 250 
(18,29) ->(18,29) 
Block info:221 208 218 207 
(26,11) ->(26,11) 
Block info:219 230 208 242 
(27,3) ->(27,3) 
Block info:241 208 224 204 
(28,19) ->(28,19) 
Block info:230 208 228 204 
(3,2) ->(3,2) 
Block info:208 246 228 236 
(11,7) ->(11,7) 
Block info:230 208 231 206 
(19,16) ->(19,16) 
Block info:250 208 232 204 
(4,6) ->(4,6) 
Block info:237 208 234 204 
(12,2) ->(12,2) 
Block info:250 208 235 204 
(6,31) ->(6,31) 
Block info:241 208 244 208 
(16,7) ->(16,7) 
Block info:255 208 248 209 
(15,7) ->(15,7) 
Block info:209 211 209 221 
(27,30) ->(27,30) 
Block info:209 210 210 215 
(10,10) ->(10,10) 
Block info:210 235 209 233 
(26,20) ->(26,20) 
Block info:211 218 209 218 
(19,17) ->(19,17) 
Block info:209 214 212 218 
(31,11) ->(31,11) 
Block info:212 209 217 207 
(31,28) ->(31,28) 
Block info:209 219 212 204 
(12,23) ->(12,23) 
Block info:212 248 209 239 
(23,26) ->(23,26) 
Block info:209 213 214 213 
(10,9) ->(10,9) 
Block info:209 237 213 227 
(13,29) ->(13,29) 
Block info:215 214 209 209 
(12,22) ->(12,22) 
Block info:214 255 209 255 
(24,29) ->(24,29) 
Block info:215 252 209 244 
(23,29) ->(23,29) 
Block info:216 220 209 209 
(17,2) ->(17,2) 
Block info:216 237 209 248 
(9,7) ->(9,7) 
Block info:209 244 216 239 
(24,22) ->(24,22) 
Block info:209 225 217 231 
(22,10) ->(22,10) 
Block info:217 209 235 204 
(4,13) ->(4,13) 
Block info:219 209 221 207 
(8,26) ->(8,26) 
Block info:220 225 209 223 
(30,30) ->(30,30) 
Block info:220 255 209 255 
(20,26) ->(20,26) 
Block info:222 209 239 215 
(10,2) ->(10,2) 
Block info:237 209 235 208 
(27,19) ->(27,19) 
Block info:237 209 236 208 
(21,1) ->(21,1) 
Block info:246 209 245 204 
(24,21) ->(24,21) 
Block info:247 209 253 218 
(14,21) ->(14,21) 
Block info:251 209 253 217 
(18,25) ->(18,25) 
Block info:210 213 210 219 
(28,20) ->(28,20) 
Block info:210 232 210 220 
(16,10) ->(16,10) 
Block info:210 213 212 216 
(3,12) ->(3,12) 
Block info:210 226 214 215 
(31,31) ->(31,31) 
Block info:214 235 210 245 
(14,10) ->(14,10) 
Block info:210 239 214 254 
(16,29) ->(16,29) 
Block info:210 216 220 217 
(29,20) ->(29,20) 
Block info:228 210 217 210 
(26,30) ->(26,30) 
Block info:217 228 210 226 
(30,29) ->(30,29) 
Block info:221 210 218 216 
(26,3) ->(26,3) 
Block info:219 210 221 228 
(5,2) ->(5,2) 
Block info:219 210 223 212 
(1,31) ->(1,31) 
Block info:219 210 228 204 
(24,17) ->(24,17) 
Block info:210 231 220 221 
(24,2) ->(24,2) 
Block info:222 223 210 221 
(18,19) ->(18,19) 
Block info:210 232 223 232 
(6,7) ->(6,7) 
Block info:224 210 228 211 
(10,14) ->(10,14) 
Block info:236 210 225 216 
(20,16) ->(20,16) 
Block info:228 210 237 206 
(9,22) ->(9,22) 
Block info:228 251 210 255 
(25,18) ->(25,18) 
Block info:230 210 241 227 
(9,26) ->(9,26) 
Block info:210 239 231 238 
(30,8) ->(30,8) 
Block info:254 210 231 211 
(31,7) ->(31,7) 
Block info:234 210 237 215 
(26,19) ->(26,19) 
Block info:243 210 239 212 
(10,22) ->(10,22) 
Block info:239 210 243 223 
(1,30) ->(1,30) 
Block info:242 210 242 204 
(3,9) ->(3,9) 
Block info:247 210 242 221 
(27,17) ->(27,17) 
Block info:211 212 211 217 
(14,0) ->(14,0) 
Block info:222 211 212 213 
(3,7) ->(3,7) 
Block info:212 255 211 255 
(26,18) ->(26,18) 
Block info:222 213 211 204 
(31,18) ->(31,18) 
Block info:213 229 211 225 
(9,28) ->(9,28) 
Block info:214 219 211 220 
(5,7) ->(5,7) 
Block info:211 230 214 215 
(30,20) ->(30,20) 
Block info:211 220 216 231 
(14,31) ->(14,31) 
Block info:216 228 211 225 
(14,1) ->(14,1) 
Block info:217 234 211 217 
(4,8) ->(4,8) 
Block info:218 224 211 228 
(29,29) ->(29,29) 
Block info:211 235 218 229 
(24,3) ->(24,3) 
Block info:218 240 211 239 
(14,12) ->(14,12) 
Block info:211 221 219 218 
(9,14) ->(9,14) 
Block info:220 234 211 239 
(24,20) ->(24,20) 
Block info:211 247 220 253 
(16,24) ->(16,24) 
Block info:221 224 211 210 
(6,26) ->(6,26) 
Block info:221 237 211 242 
(12,10) ->(12,10) 
Block info:211 243 221 242 
(16,28) ->(16,28) 
Block info:211 247 221 238 
(30,3) ->(30,3) 
Block info:233 211 239 212 
(21,16) ->(21,16) 
Block info:237 211 235 218 
(10,0) ->(10,0) 
Block info:237 211 241 207 
(1,0) ->(1,0) 
Block info:242 211 238 207 
(2,29) ->(2,29) 
Block info:239 211 250 219 
(2,21) ->(2,21) 
Block info:244 211 240 206 
(22,24) ->(22,24) 
Block info:250 211 255 204 
(14,7) ->(14,7) 
Block info:212 212 212 208 
(15,23) ->(15,23) 
Block info:212 214 214 216 
(21,2) ->(21,2) 
Block info:217 215 212 224 
(15,17) ->(15,17) 
Block info:220 212 215 204 
(24,1) ->(24,1) 
Block info:212 223 215 224 
(15,22) ->(15,22) 
Block info:216 239 212 229 
(17,6) ->(17,6) 
Block info:218 219 212 228 
(16,11) ->(16,11) 
Block info:212 221 218 225 
(14,29) ->(14,29) 
Block info:218 212 222 206 
(0,26) ->(0,26) 
Block info:212 237 218 247 
(28,31) ->(28,31) 
Block info:219 221 212 211 
(31,16) ->(31,16) 
Block info:219 221 212 214 
(6,1) ->(6,1) 
Block info:221 212 219 223 
(29,30) ->(29,30) 
Block info:219 212 226 217 
(9,2) ->(9,2) 
Block info:234 212 219 225 
(26,2) ->(26,2) 
Block info:225 212 220 204 
(5,6) ->(5,6) 
Block info:221 255 212 249 
(22,29) ->(22,29) 
Block info:212 231 223 235 
(27,9) ->(27,9) 
Block info:227 224 212 208 
(3,14) ->(3,14) 
Block info:236 212 230 223 
(3,29) ->(3,29) 
Block info:232 212 237 208 
(2,9) ->(2,9) 
Block info:236 212 237 224 
(17,23) ->(17,23) 
Block info:241 212 237 210 
(20,1) ->(20,1) 
Block info:247 212 239 224 
(22,23) ->(22,23) 
Block info:241 212 245 214 
(15,16) ->(15,16) 
Block info:252 212 255 204 
(5,31) ->(5,31) 
Block info:213 239 213 245 
(27,13) ->(27,13) 
Block info:213 251 213 250 
(15,20) ->(15,20) 
Block info:213 217 214 243 
(10,28) ->(10,28) 
Block info:213 226 214 222 
(13,4) ->(13,4) 
Block info:216 215 213 230 
(8,27) ->(8,27) 
Block info:213 217 215 225 
(13,19) ->(13,19) 
Block info:216 213 221 204 
(27,20) ->(27,20) 
Block info:213 239 216 239 
(27,29) ->(27,29) 
Block info:217 217 213 207 
(29,19) ->(29,19) 
Block info:213 223 217 228 
(22,19) ->(22,19) 
Block info:229 213 217 211 
(7,26) ->(7,26) 
Block info:213 236 218 236 
(13,10) ->(13,10) 
Block info:213 236 218 239 
(6,8) ->(6,8) 
Block info:221 225 213 228 
(19,6) ->(19,6) 
Block info:221 213 230 216 
(25,30) ->(25,30) 
Block info:213 227 225 227 
(28,13) ->(28,13) 
Block info:226 226 213 224 
(31,10) ->(31,10) 
Block info:213 243 226 247 
(17,28) ->(17,28) 
Block info:228 235 213 232 
(30,24) ->(30,24) 
Block info:234 213 231 207 
(2,7) ->(2,7) 
Block info:238 213 250 229 
(17,22) ->(17,22) 
Block info:249 213 241 211 
(29,17) ->(29,17) 
Block info:247 213 242 212 
(17,30) ->(17,30) 
Block info:255 213 250 214 
(15,15) ->(15,15) 
Block info:214 224 214 220 
(28,10) ->(28,10) 
Block info:214 231 214 230 
(5,1) ->(5,1) 
Block info:215 221 214 204 
(5,29) ->(5,29) 
Block info:215 221 214 224 
(22,5) ->(22,5) 
Block info:215 238 214 236 
(15,9) ->(15,9) 
Block info:216 230 214 228 
(17,19) ->(17,19) 
Block info:214 219 217 212 
(28,30) ->(28,30) 
Block info:214 217 223 204 
(8,22) ->(8,22) 
Block info:217 214 224 219 
(14,19) ->(14,19) 
Block info:219 221 214 215 
(9,9) ->(9,9) 
Block info:220 255 214 246 
(17,29) ->(17,29) 
Block info:221 255 214 246 
(8,23) ->(8,23) 
Block info:223 255 214 253 
(2,1) ->(2,1) 
Block info:225 214 226 223 
(0,27) ->(0,27) 
Block info:235 214 225 223 
(14,13) ->(14,13) 
Block info:234 214 242 215 
(3,31) ->(3,31) 
Block info:214 253 236 255 
(6,23) ->(6,23) 
Block info:237 242 214 237 
(28,8) ->(28,8) 
Block info:247 214 239 211 
(18,27) ->(18,27) 
Block info:246 214 243 223 
(8,13) ->(8,13) 
Block info:246 214 243 229 
(26,10) ->(26,10) 
Block info:245 214 254 221 
(16,15) ->(16,15) 
Block info:215 217 215 205 
(20,11) ->(20,11) 
Block info:215 221 215 220 
(3,3) ->(3,3) 
Block info:215 221 215 223 
(0,8) ->(0,8) 
Block info:216 227 215 226 
(13,12) ->(13,12) 
Block info:217 226 215 231 
(23,5) ->(23,5) 
Block info:217 215 227 222 
(9,27) ->(9,27) 
Block info:215 228 217 220 
(28,2) ->(28,2) 
Block info:218 215 225 218 
(4,10) ->(4,10) 
Block info:215 237 219 231 
(23,10) ->(23,10) 
Block info:215 231 220 239 
(14,9) ->(14,9) 
Block info:215 237 221 241 
(8,8) ->(8,8) 
Block info:222 215 224 224 
(6,19) ->(6,19) 
Block info:225 222 215 224 
(0,23) ->(0,23) 
Block info:223 223 215 222 
(29,11) ->(29,11) 
Block info:225 232 215 219 
(27,2) ->(27,2) 
Block info:215 229 228 232 
(3,8) ->(3,8) 
Block info:234 215 228 209 
(24,30) ->(24,30) 
Block info:234 215 240 205 
(29,13) ->(29,13) 
Block info:237 215 235 204 
(0,21) ->(0,21) 
Block info:239 215 241 216 
(28,17) ->(28,17) 
Block info:255 215 250 209 
(16,21) ->(16,21) 
Block info:250 215 255 216 
(10,18) ->(10,18) 
Block info:216 220 216 213 
(29,2) ->(29,2) 
Block info:216 235 216 229 
(13,20) ->(13,20) 
Block info:216 221 217 229 
(15,28) ->(15,28) 
Block info:223 218 216 231 
(3,23) ->(3,23) 
Block info:218 224 216 221 
(0,20) ->(0,20) 
Block info:231 216 218 208 
(5,10) ->(5,10) 
Block info:218 251 216 254 
(31,3) ->(31,3) 
Block info:221 219 216 227 
(0,2) ->(0,2) 
Block info:219 235 216 223 
(30,10) ->(30,10) 
Block info:219 254 216 255 
(26,23) ->(26,23) 
Block info:216 220 221 223 
(10,3) ->(10,3) 
Block info:220 234 216 222 
(7,2) ->(7,2) 
Block info:221 216 224 224 
(14,3) ->(14,3) 
Block info:216 227 221 234 
(5,25) ->(5,25) 
Block info:221 234 216 225 
(30,31) ->(30,31) 
Block info:221 234 216 245 
(17,11) ->(17,11) 
Block info:222 229 216 232 
(7,7) ->(7,7) 
Block info:222 240 216 239 
(8,11) ->(8,11) 
Block info:224 224 216 219 
(2,19) ->(2,19) 
Block info:224 227 216 234 
(27,25) ->(27,25) 
Block info:216 232 224 233 
(12,1) ->(12,1) 
Block info:216 234 224 231 
(29,31) ->(29,31) 
Block info:225 233 216 226 
(6,27) ->(6,27) 
Block info:216 233 225 234 
(13,1) ->(13,1) 
Block info:216 228 226 231 
(29,28) ->(29,28) 
Block info:229 216 226 227 
(16,13) ->(16,13) 
Block info:227 234 216 234 
(3,0) ->(3,0) 
Block info:231 229 216 214 
(0,3) ->(0,3) 
Block info:229 236 216 231 
(20,18) ->(20,18) 
Block info:230 216 235 204 
(6,13) ->(6,13) 
Block info:230 235 216 241 
(2,8) ->(2,8) 
Block info:239 216 235 215 
(21,24) ->(21,24) 
Block info:237 216 237 215 
(2,15) ->(2,15) 
Block info:238 216 245 213 
(14,16) ->(14,16) 
Block info:249 216 238 229 
(18,8) ->(18,8) 
Block info:247 216 239 207 
(20,20) ->(20,20) 
Block info:244 216 252 228 
(18,23) ->(18,23) 
Block info:247 216 250 215 
(18,30) ->(18,30) 
Block info:250 216 255 204 
(30,17) ->(30,17) 
Block info:254 216 252 215 
(26,27) ->(26,27) 
Block info:255 216 255 209 
(17,25) ->(17,25) 
Block info:218 217 219 224 
(7,3) ->(7,3) 
Block info:217 222 218 218 
(23,28) ->(23,28) 
Block info:219 217 219 216 
(24,19) ->(24,19) 
Block info:227 217 221 206 
(14,17) ->(14,17) 
Block info:232 217 225 215 
(8,3) ->(8,3) 
Block info:226 229 217 229 
(8,19) ->(8,19) 
Block info:229 217 226 233 
(14,6) ->(14,6) 
Block info:217 229 226 238 
(7,28) ->(7,28) 
Block info:242 217 226 216 
(11,22) ->(11,22) 
Block info:229 217 227 211 
(11,0) ->(11,0) 
Block info:227 217 242 214 
(1,7) ->(1,7) 
Block info:217 230 228 216 
(18,1) ->(18,1) 
Block info:229 235 217 239 
(10,11) ->(10,11) 
Block info:232 217 233 204 
(11,13) ->(11,13) 
Block info:245 217 255 242 
(3,15) ->(3,15) 
Block info:249 217 248 224 
(19,27) ->(19,27) 
Block info:255 217 249 229 
(18,12) ->(18,12) 
Block info:218 229 219 237 
(15,24) ->(15,24) 
Block info:219 233 218 236 
(25,22) ->(25,22) 
Block info:220 228 218 225 
(15,3) ->(15,3) 
Block info:221 218 224 213 
(15,19) ->(15,19) 
Block info:236 218 221 217 
(20,30) ->(20,30) 
Block info:221 241 218 236 
(21,10) ->(21,10) 
Block info:221 243 218 234 
(12,16) ->(12,16) 
Block info:225 223 218 236 
(28,29) ->(28,29) 
Block info:223 234 218 236 
(15,6) ->(15,6) 
Block info:223 218 235 234 
(29,21) ->(29,21) 
Block info:223 245 218 250 
(30,14) ->(30,14) 
Block info:218 243 226 246 
(20,31) ->(20,31) 
Block info:218 248 226 246 
(11,28) ->(11,28) 
Block info:229 218 228 218 
(13,17) ->(13,17) 
Block info:236 218 229 227 
(8,9) ->(8,9) 
Block info:230 237 218 241 
(17,20) ->(17,20) 
Block info:231 255 218 246 
(21,31) ->(21,31) 
Block info:236 236 218 235 
(4,29) ->(4,29) 
Block info:236 218 246 217 
(2,5) ->(2,5) 
Block info:243 218 239 225 
(16,16) ->(16,16) 
Block info:244 218 245 232 
(2,28) ->(2,28) 
Block info:245 218 247 225 
(21,4) ->(21,4) 
Block info:254 218 255 231 
(25,21) ->(25,21) 
Block info:255 218 255 221 
(3,5) ->(3,5) 
Block info:219 255 219 253 
(26,22) ->(26,22) 
Block info:219 223 220 219 
(6,11) ->(6,11) 
Block info:220 219 225 227 
(28,28) ->(28,28) 
Block info:226 219 220 228 
(25,1) ->(25,1) 
Block info:225 219 221 214 
(15,4) ->(15,4) 
Block info:224 219 222 221 
(15,13) ->(15,13) 
Block info:224 219 222 232 
(29,10) ->(29,10) 
Block info:219 222 229 213 
(14,4) ->(14,4) 
Block info:226 227 219 232 
(25,9) ->(25,9) 
Block info:219 226 228 239 
(20,10) ->(20,10) 
Block info:226 239 219 241 
(25,13) ->(25,13) 
Block info:219 228 228 233 
(7,11) ->(7,11) 
Block info:231 219 234 210 
(21,21) ->(21,21) 
Block info:232 219 239 219 
(20,23) ->(20,23) 
Block info:240 219 234 237 
(12,14) ->(12,14) 
Block info:241 219 246 222 
(29,27) ->(29,27) 
Block info:241 219 246 225 
(15,8) ->(15,8) 
Block info:243 219 243 225 
(23,23) ->(23,23) 
Block info:245 219 243 210 
(8,18) ->(8,18) 
Block info:243 219 255 213 
(9,18) ->(9,18) 
Block info:249 219 255 227 
(5,24) ->(5,24) 
Block info:255 219 255 212 
(15,21) ->(15,21) 
Block info:220 220 221 232 
(27,16) ->(27,16) 
Block info:220 231 220 225 
(4,0) ->(4,0) 
Block info:220 241 220 240 
(26,9) ->(26,9) 
Block info:220 246 220 240 
(19,18) ->(19,18) 
Block info:222 221 220 224 
(9,3) ->(9,3) 
Block info:220 237 221 233 
(30,26) ->(30,26) 
Block info:220 239 221 235 
(13,28) ->(13,28) 
Block info:232 220 222 223 
(23,17) ->(23,17) 
Block info:222 243 220 248 
(27,22) ->(27,22) 
Block info:226 220 223 229 
(31,30) ->(31,30) 
Block info:223 227 220 217 
(23,19) ->(23,19) 
Block info:220 226 224 231 
(16,31) ->(16,31) 
Block info:220 224 229 229 
(28,24) ->(28,24) 
Block info:227 225 220 220 
(12,7) ->(12,7) 
Block info:220 234 227 231 
(17,13) ->(17,13) 
Block info:227 220 235 229 
(1,4) ->(1,4) 
Block info:228 247 220 246 
(22,6) ->(22,6) 
Block info:220 234 229 227 
(0,15) ->(0,15) 
Block info:241 220 236 221 
(27,27) ->(27,27) 
Block info:255 220 242 226 
(17,7) ->(17,7) 
Block info:243 220 250 215 
(12,17) ->(12,17) 
Block info:253 220 251 220 
(20,0) ->(20,0) 
Block info:221 226 221 217 
(8,2) ->(8,2) 
Block info:221 227 221 219 
(9,0) ->(9,0) 
Block info:221 230 221 228 
(5,0) ->(5,0) 
Block info:222 221 222 238 
(15,29) ->(15,29) 
Block info:223 243 221 238 
(12,28) ->(12,28) 
Block info:224 221 238 207 
(13,21) ->(13,21) 
Block info:242 225 221 216 
(12,21) ->(12,21) 
Block info:226 234 221 233 
(23,3) ->(23,3) 
Block info:226 240 221 240 
(19,28) ->(19,28) 
Block info:237 221 227 223 
(23,30) ->(23,30) 
Block info:228 234 221 231 
(1,19) ->(1,19) 
Block info:233 221 229 217 
(25,19) ->(25,19) 
Block info:234 229 221 219 
(13,3) ->(13,3) 
Block info:248 221 232 232 
(24,16) ->(24,16) 
Block info:235 221 233 226 
(20,7) ->(20,7) 
Block info:233 221 240 224 
(18,13) ->(18,13) 
Block info:234 221 242 214 
(1,5) ->(1,5) 
Block info:240 221 239 217 
(22,1) ->(22,1) 
Block info:245 221 246 229 
(2,0) ->(2,0) 
Block info:247 221 255 209 
(17,8) ->(17,8) 
Block info:222 227 222 226 
(22,27) ->(22,27) 
Block info:222 224 223 234 
(12,3) ->(12,3) 
Block info:223 232 222 233 
(6,2) ->(6,2) 
Block info:223 242 222 242 
(28,16) ->(28,16) 
Block info:223 253 222 249 
(9,8) ->(9,8) 
Block info:225 229 222 226 
(25,3) ->(25,3) 
Block info:225 236 222 248 
(11,27) ->(11,27) 
Block info:222 234 228 252 
(6,25) ->(6,25) 
Block info:222 233 229 255 
(12,26) ->(12,26) 
Block info:231 241 222 252 
(25,23) ->(25,23) 
Block info:247 222 232 220 
(10,13) ->(10,13) 
Block info:222 240 237 246 
(15,12) ->(15,12) 
Block info:222 245 237 255 
(31,26) ->(31,26) 
Block info:243 222 238 229 
(18,7) ->(18,7) 
Block info:249 222 242 221 
(31,4) ->(31,4) 
Block info:244 222 248 225 
(29,15) ->(29,15) 
Block info:248 222 251 215 
(7,5) ->(7,5) 
Block info:253 222 255 211 
(31,15) ->(31,15) 
Block info:254 222 255 227 
(21,15) ->(21,15) 
Block info:223 230 223 229 
(2,3) ->(2,3) 
Block info:223 253 223 249 
(28,18) ->(28,18) 
Block info:223 224 232 231 
(6,20) ->(6,20) 
Block info:223 237 224 236 
(16,6) ->(16,6) 
Block info:224 249 223 255 
(21,29) ->(21,29) 
Block info:224 251 223 255 
(25,31) ->(25,31) 
Block info:223 225 226 217 
(11,3) ->(11,3) 
Block info:226 223 226 220 
(0,7) ->(0,7) 
Block info:223 227 226 232 
(1,8) ->(1,8) 
Block info:226 229 223 244 
(21,6) ->(21,6) 
Block info:223 255 226 249 
(10,8) ->(10,8) 
Block info:227 223 232 219 
(30,9) ->(30,9) 
Block info:223 238 227 249 
(5,23) ->(5,23) 
Block info:223 231 228 230 
(6,0) ->(6,0) 
Block info:223 242 228 238 
(3,27) ->(3,27) 
Block info:229 251 223 255 
(23,25) ->(23,25) 
Block info:230 239 223 238 
(8,28) ->(8,28) 
Block info:230 243 223 230 
(29,9) ->(29,9) 
Block info:248 223 232 214 
(11,18) ->(11,18) 
Block info:223 233 233 219 
(14,8) ->(14,8) 
Block info:234 255 223 243 
(12,20) ->(12,20) 
Block info:239 223 254 218 
(27,12) ->(27,12) 
Block info:243 223 240 231 
(2,27) ->(2,27) 
Block info:243 223 242 221 
(10,26) ->(10,26) 
Block info:245 223 255 229 
(23,4) ->(23,4) 
Block info:255 223 247 224 
(18,15) ->(18,15) 
Block info:255 223 254 221 
(9,30) ->(9,30) 
Block info:224 229 224 239 
(10,27) ->(10,27) 
Block info:234 224 224 225 
(12,4) ->(12,4) 
Block info:224 224 239 221 
(13,7) ->(13,7) 
Block info:224 255 224 255 
(20,29) ->(20,29) 
Block info:225 224 232 229 
(2,14) ->(2,14) 
Block info:226 224 230 231 
(21,7) ->(21,7) 
Block info:228 233 224 222 
(27,21) ->(27,21) 
Block info:243 224 230 231 
(27,10) ->(27,10) 
Block info:243 224 231 223 
(0,0) ->(0,0) 
Block info:232 224 237 231 
(23,27) ->(23,27) 
Block info:224 234 233 222 
(16,22) ->(16,22) 
Block info:236 233 224 236 
(31,9) ->(31,9) 
Block info:233 224 245 220 
(25,5) ->(25,5) 
Block info:233 224 245 231 
(17,16) ->(17,16) 
Block info:237 224 235 233 
(30,23) (28,27) ->(30,23) (28,27) 
Block info:224 254 236 235 
(23,6) ->(23,6) 
Block info:240 224 239 227 
(26,24) ->(26,24) 
Block info:250 224 239 219 
(17,21) ->(17,21) 
Block info:241 224 242 226 
(9,13) ->(9,13) 
Block info:241 224 253 225 
(26,12) ->(26,12) 
Block info:249 224 242 221 
(28,15) ->(28,15) 
Block info:243 224 251 230 
(26,5) ->(26,5) 
Block info:245 224 255 230 
(19,15) ->(19,15) 
Block info:249 224 254 220 
(30,27) ->(30,27) 
Block info:251 224 251 225 
(11,21) ->(11,21) 
Block info:255 224 253 233 
(18,22) ->(18,22) 
Block info:255 224 255 229 
(17,9) ->(17,9) 
Block info:225 225 228 224 
(30,18) ->(30,18) 
Block info:225 225 229 230 
(1,27) ->(1,27) 
Block info:226 234 225 235 
(28,9) ->(28,9) 
Block info:225 226 243 223 
(13,16) ->(13,16) 
Block info:225 227 227 222 
(21,30) ->(21,30) 
Block info:230 227 225 212 
(27,24) ->(27,24) 
Block info:225 244 227 252 
(7,15) ->(7,15) 
Block info:233 225 228 231 
(24,5) ->(24,5) 
Block info:229 225 229 229 
(5,27) ->(5,27) 
Block info:225 230 229 226 
(20,21) ->(20,21) 
Block info:232 225 230 228 
(18,0) ->(18,0) 
Block info:232 225 231 220 
(18,16) ->(18,16) 
Block info:231 233 225 239 
(21,27) ->(21,27) 
Block info:234 232 225 224 
(22,3) ->(22,3) 
Block info:233 225 235 238 
(20,8) ->(20,8) 
Block info:234 240 225 242 
(4,27) ->(4,27) 
Block info:236 225 246 237 
(14,18) ->(14,18) 
Block info:225 255 238 248 
(16,20) ->(16,20) 
Block info:249 225 240 219 
(19,30) ->(19,30) 
Block info:241 225 242 224 
(1,15) ->(1,15) 
Block info:245 225 244 227 
(22,20) ->(22,20) 
Block info:245 225 247 204 
(23,21) ->(23,21) 
Block info:255 225 247 223 
(6,24) ->(6,24) 
Block info:249 225 254 221 
(27,15) ->(27,15) 
Block info:249 225 255 216 
(8,30) ->(8,30) 
Block info:226 226 228 232 
(22,30) ->(22,30) 
Block info:240 226 226 229 
(19,21) ->(19,21) 
Block info:226 240 226 235 
(31,14) ->(31,14) 
Block info:227 231 226 225 
(29,26) ->(29,26) 
Block info:226 250 227 249 
(9,17) ->(9,17) 
Block info:226 229 228 226 
(12,18) ->(12,18) 
Block info:230 226 229 233 
(19,9) ->(19,9) 
Block info:229 226 237 235 
(20,9) ->(20,9) 
Block info:251 226 229 214 
(8,5) ->(8,5) 
Block info:226 230 231 226 
(7,0) ->(7,0) 
Block info:226 233 231 225 
(2,23) ->(2,23) 
Block info:231 248 226 242 
(17,24) ->(17,24) 
Block info:232 235 226 251 
(23,13) ->(23,13) 
Block info:226 253 232 255 
(5,16) ->(5,16) 
Block info:226 236 233 232 
(18,20) ->(18,20) 
Block info:226 245 233 242 
(27,23) ->(27,23) 
Block info:233 249 226 255 
(19,26) ->(19,26) 
Block info:234 226 246 228 
(24,10) ->(24,10) 
Block info:236 226 237 223 
(13,18) ->(13,18) 
Block info:236 255 226 244 
(19,31) ->(19,31) 
Block info:250 226 241 224 
(19,25) ->(19,25) 
Block info:249 226 242 234 
(28,5) ->(28,5) 
Block info:250 226 242 221 
(3,6) ->(3,6) 
Block info:247 226 251 225 
(6,5) ->(6,5) 
Block info:227 240 227 249 
(22,14) ->(22,14) 
Block info:227 239 228 251 
(11,16) ->(11,16) 
Block info:227 244 228 244 
(0,25) ->(0,25) 
Block info:227 248 228 249 
(4,16) ->(4,16) 
Block info:227 255 228 249 
(26,14) ->(26,14) 
Block info:230 229 227 238 
(22,25) ->(22,25) 
Block info:233 227 229 223 
(11,26) ->(11,26) 
Block info:227 254 229 239 
(6,15) ->(6,15) 
Block info:227 231 231 216 
(25,16) ->(25,16) 
Block info:232 243 227 234 
(3,25) ->(3,25) 
Block info:245 234 227 239 
(3,16) ->(3,16) 
Block info:255 227 243 230 
(5,28) ->(5,28) 
Block info:255 227 244 217 
(16,30) ->(16,30) 
Block info:245 227 247 222 
(12,24) ->(12,24) 
Block info:249 227 255 228 
(22,4) ->(22,4) 
Block info:252 227 255 211 
(17,15) ->(17,15) 
Block info:255 227 255 221 
(10,21) ->(10,21) 
Block info:230 233 228 243 
(13,25) ->(13,25) 
Block info:231 240 228 220 
(20,24) ->(20,24) 
Block info:231 255 228 253 
(28,22) ->(28,22) 
Block info:228 232 233 235 
(9,11) ->(9,11) 
Block info:242 228 233 239 
(24,23) ->(24,23) 
Block info:228 246 236 252 
(8,15) ->(8,15) 
Block info:239 228 237 225 
(7,18) ->(7,18) 
Block info:228 243 239 231 
(29,18) ->(29,18) 
Block info:241 228 240 230 
(19,7) ->(19,7) 
Block info:240 228 247 222 
(17,27) ->(17,27) 
Block info:246 228 245 235 
(1,24) ->(1,24) 
Block info:245 246 228 237 
(20,14) ->(20,14) 
Block info:254 228 255 218 
(4,24) ->(4,24) 
Block info:229 229 230 216 
(27,26) ->(27,26) 
Block info:229 247 229 255 
(18,28) ->(18,28) 
Block info:235 229 230 232 
(18,21) ->(18,21) 
Block info:231 243 229 247 
(0,1) ->(0,1) 
Block info:231 247 229 238 
(6,28) ->(6,28) 
Block info:231 229 248 220 
(19,0) ->(19,0) 
Block info:232 229 234 230 
(7,20) ->(7,20) 
Block info:246 229 232 232 
(1,6) ->(1,6) 
Block info:229 248 232 241 
(13,14) ->(13,14) 
Block info:234 229 234 223 
(19,8) ->(19,8) 
Block info:229 245 234 250 
(1,18) ->(1,18) 
Block info:240 229 235 241 
(13,24) ->(13,24) 
Block info:229 241 235 238 
(20,3) ->(20,3) 
Block info:240 229 236 243 
(23,20) ->(23,20) 
Block info:240 237 229 225 
(28,26) ->(28,26) 
Block info:237 229 246 217 
(25,10) ->(25,10) 
Block info:229 242 239 241 
(23,18) ->(23,18) 
Block info:246 229 239 223 
(19,23) ->(19,23) 
Block info:229 255 240 255 
(1,1) ->(1,1) 
Block info:229 244 244 245 
(29,23) ->(29,23) 
Block info:249 229 255 226 
(15,25) ->(15,25) 
Block info:250 229 251 229 
(19,13) ->(19,13) 
Block info:230 232 230 238 
(14,24) ->(14,24) 
Block info:230 240 230 239 
(12,8) ->(12,8) 
Block info:230 255 231 251 
(19,3) ->(19,3) 
Block info:232 241 230 234 
(7,19) ->(7,19) 
Block info:230 235 233 225 
(28,21) ->(28,21) 
Block info:230 237 233 244 
(29,24) ->(29,24) 
Block info:230 233 243 223 
(16,9) ->(16,9) 
Block info:230 244 233 255 
(7,25) ->(7,25) 
Block info:235 230 248 226 
(19,20) ->(19,20) 
Block info:230 239 236 243 
(18,26) ->(18,26) 
Block info:250 230 236 222 
(21,25) ->(21,25) 
Block info:255 230 236 224 
(31,27) ->(31,27) 
Block info:230 255 237 255 
(28,14) ->(28,14) 
Block info:238 230 248 233 
(24,27) ->(24,27) 
Block info:239 255 230 242 
(24,13) ->(24,13) 
Block info:242 230 240 242 
(18,24) ->(18,24) 
Block info:230 241 243 244 
(16,18) ->(16,18) 
Block info:241 230 246 236 
(3,18) ->(3,18) 
Block info:241 230 250 224 
(16,8) ->(16,8) 
Block info:242 230 246 235 
(20,25) ->(20,25) 
Block info:246 230 246 220 
(21,23) ->(21,23) 
Block info:255 230 246 238 
(21,12) ->(21,12) 
Block info:250 230 255 226 
(5,18) ->(5,18) 
Block info:252 230 253 231 
(29,1) ->(29,1) 
Block info:255 230 255 228 
(20,12) ->(20,12) 
Block info:255 230 255 236 
(26,7) ->(26,7) 
Block info:234 231 231 232 
(8,0) ->(8,0) 
Block info:231 231 244 233 
(14,14) ->(14,14) 
Block info:231 254 231 251 
(21,9) ->(21,9) 
Block info:232 231 233 240 
(16,3) ->(16,3) 
Block info:232 237 231 242 
(24,12) ->(24,12) 
Block info:231 232 244 240 
(5,5) ->(5,5) 
Block info:242 233 231 235 
(15,18) ->(15,18) 
Block info:231 254 233 249 
(5,4) ->(5,4) 
Block info:235 242 231 227 
(25,12) ->(25,12) 
Block info:235 231 246 240 
(25,6) ->(25,6) 
Block info:231 248 235 252 
(27,14) ->(27,14) 
Block info:244 231 238 237 
(22,12) ->(22,12) 
Block info:239 240 231 238 
(8,16) ->(8,16) 
Block info:239 231 243 214 
(0,5) ->(0,5) 
Block info:244 231 239 228 
(20,27) ->(20,27) 
Block info:241 249 231 244 
(22,18) ->(22,18) 
Block info:244 242 231 228 
(27,1) ->(27,1) 
Block info:255 231 246 223 
(27,5) ->(27,5) 
Block info:247 231 249 246 
(7,24) ->(7,24) 
Block info:249 231 254 250 
(28,12) ->(28,12) 
Block info:250 231 252 223 
(2,4) ->(2,4) 
Block info:232 255 232 250 
(11,8) ->(11,8) 
Block info:232 234 235 236 
(21,14) ->(21,14) 
Block info:234 232 241 224 
(0,4) ->(0,4) 
Block info:243 234 232 233 
(13,8) ->(13,8) 
Block info:234 255 232 241 
(12,25) ->(12,25) 
Block info:242 232 237 230 
(31,23) ->(31,23) 
Block info:239 232 244 228 
(25,27) ->(25,27) 
Block info:241 240 232 245 
(28,23) ->(28,23) 
Block info:232 241 244 231 
(24,6) ->(24,6) 
Block info:245 232 247 241 
(14,25) ->(14,25) 
Block info:255 232 246 234 
(16,27) ->(16,27) 
Block info:248 232 252 243 
(25,8) ->(25,8) 
Block info:252 232 255 237 
(2,30) ->(2,30) 
Block info:255 232 253 223 
(30,15) ->(30,15) 
Block info:254 232 255 233 
(30,7) ->(30,7) 
Block info:235 249 233 247 
(29,14) ->(29,14) 
Block info:233 238 236 253 
(17,31) ->(17,31) 
Block info:242 236 233 225 
(4,5) ->(4,5) 
Block info:238 233 253 231 
(19,12) ->(19,12) 
Block info:238 255 233 252 
(11,25) ->(11,25) 
Block info:238 255 233 255 
(21,22) ->(21,22) 
Block info:240 239 233 234 
(16,14) ->(16,14) 
Block info:241 252 233 251 
(8,17) ->(8,17) 
Block info:233 255 242 255 
(7,4) ->(7,4) 
Block info:247 247 233 246 
(6,17) ->(6,17) 
Block info:255 233 247 230 
(18,9) ->(18,9) 
Block info:233 250 248 255 
(6,16) ->(6,16) 
Block info:250 233 255 235 
(25,15) ->(25,15) 
Block info:254 233 255 247 
(22,15) ->(22,15) 
Block info:235 234 241 229 
(0,24) ->(0,24) 
Block info:234 246 235 255 
(24,7) ->(24,7) 
Block info:235 255 234 255 
(18,18) ->(18,18) 
Block info:234 236 237 239 
(2,18) ->(2,18) 
Block info:234 252 236 244 
(29,22) ->(29,22) 
Block info:237 241 234 238 
(0,19) ->(0,19) 
Block info:237 248 234 248 
(17,18) ->(17,18) 
Block info:234 238 241 251 
(26,1) ->(26,1) 
Block info:234 246 238 254 
(18,14) ->(18,14) 
Block info:239 234 241 255 
(22,7) ->(22,7) 
Block info:241 234 249 239 
(29,4) ->(29,4) 
Block info:242 234 255 233 
(28,1) ->(28,1) 
Block info:242 255 234 252 
(0,18) ->(0,18) 
Block info:247 234 243 240 
(4,18) ->(4,18) 
Block info:253 234 244 242 
(2,24) ->(2,24) 
Block info:255 234 244 230 
(21,0) ->(21,0) 
Block info:252 234 246 244 
(20,13) ->(20,13) 
Block info:252 234 248 233 
(4,21) ->(4,21) 
Block info:249 250 234 253 
(10,4) ->(10,4) 
Block info:234 255 254 238 
(25,7) ->(25,7) 
Block info:236 235 238 239 
(23,12) ->(23,12) 
Block info:235 243 236 236 
(11,4) ->(11,4) 
Block info:239 251 235 241 
(23,7) ->(23,7) 
Block info:235 243 240 243 
(4,4) ->(4,4) 
Block info:240 248 235 236 
(24,9) ->(24,9) 
Block info:249 235 240 249 
(30,21) ->(30,21) 
Block info:240 235 255 242 
(10,17) ->(10,17) 
Block info:255 235 246 233 
(10,30) ->(10,30) 
Block info:250 235 255 220 
(14,15) ->(14,15) 
Block info:251 253 235 245 
(5,17) ->(5,17) 
Block info:255 235 253 241 
(31,1) ->(31,1) 
Block info:255 235 255 222 
(4,28) ->(4,28) 
Block info:255 235 255 225 
(30,4) ->(30,4) 
Block info:255 235 255 241 
(11,30) ->(11,30) 
Block info:236 236 243 237 
(1,16) ->(1,16) 
Block info:236 236 247 240 
(1,25) ->(1,25) 
Block info:239 237 236 239 
(15,14) ->(15,14) 
Block info:236 255 237 252 
(7,16) ->(7,16) 
Block info:236 255 237 255 
(6,4) ->(6,4) 
Block info:239 236 238 227 
(0,6) ->(0,6) 
Block info:236 240 241 237 
(21,18) ->(21,18) 
Block info:242 240 236 246 
(3,4) ->(3,4) 
Block info:242 240 236 251 
(31,8) ->(31,8) 
Block info:236 252 242 248 
(13,26) ->(13,26) 
Block info:243 236 248 239 
(28,7) ->(28,7) 
Block info:243 252 236 251 
(24,18) ->(24,18) 
Block info:248 236 246 249 
(12,30) ->(12,30) 
Block info:254 236 246 248 
(24,4) ->(24,4) 
Block info:250 236 254 241 
(27,6) ->(27,6) 
Block info:255 236 250 240 
(27,7) ->(27,7) 
Block info:252 255 236 255 
(18,3) ->(18,3) 
Block info:255 236 255 226 
(11,24) ->(11,24) 
Block info:255 236 255 227 
(15,27) ->(15,27) 
Block info:255 236 255 232 
(23,0) ->(23,0) 
Block info:237 240 241 228 
(2,16) ->(2,16) 
Block info:248 243 237 238 
(8,20) ->(8,20) 
Block info:244 237 245 244 
(2,6) ->(2,6) 
Block info:244 255 237 242 
(0,16) ->(0,16) 
Block info:247 237 245 238 
(10,16) ->(10,16) 
Block info:246 255 237 252 
(10,20) ->(10,20) 
Block info:248 237 247 231 
(7,30) ->(7,30) 
Block info:255 237 247 231 
(26,21) ->(26,21) 
Block info:248 249 237 252 
(23,15) ->(23,15) 
Block info:248 237 255 238 
(13,15) ->(13,15) 
Block info:249 237 251 244 
(31,12) ->(31,12) 
Block info:250 237 255 238 
(29,7) ->(29,7) 
Block info:255 237 251 233 
(26,15) ->(26,15) 
Block info:252 237 254 250 
(22,8) ->(22,8) 
Block info:252 237 255 235 
(29,5) ->(29,5) 
Block info:242 238 239 235 
(21,3) ->(21,3) 
Block info:239 255 238 253 
(7,23) ->(7,23) 
Block info:238 242 243 244 
(17,3) ->(17,3) 
Block info:243 243 238 232 
(2,25) ->(2,25) 
Block info:244 254 238 251 
(8,24) ->(8,24) 
Block info:251 238 246 241 
(6,18) ->(6,18) 
Block info:250 238 255 229 
(3,28) ->(3,28) 
Block info:240 239 242 250 
(17,14) ->(17,14) 
Block info:240 243 239 236 
(31,21) ->(31,21) 
Block info:240 239 247 253 
(5,21) ->(5,21) 
Block info:255 239 241 240 
(24,8) ->(24,8) 
Block info:248 239 242 252 
(30,5) ->(30,5) 
Block info:243 243 239 246 
(1,17) ->(1,17) 
Block info:243 239 255 221 
(20,15) ->(20,15) 
Block info:255 243 239 235 
(22,13) ->(22,13) 
Block info:239 246 246 245 
(7,17) ->(7,17) 
Block info:239 249 246 247 
(22,9) ->(22,9) 
Block info:239 253 246 255 
(5,30) ->(5,30) 
Block info:250 239 249 232 
(11,17) ->(11,17) 
Block info:250 255 239 245 
(31,6) ->(31,6) 
Block info:239 255 250 255 
(18,31) ->(18,31) 
Block info:251 255 239 255 
(5,15) ->(5,15) 
Block info:240 255 245 250 
(14,26) ->(14,26) 
Block info:255 240 255 230 
(9,21) ->(9,21) 
Block info:255 240 255 238 
(26,6) ->(26,6) 
Block info:241 242 241 246 
(27,4) ->(27,4) 
Block info:242 245 241 248 
(26,4) ->(26,4) 
Block info:242 241 247 253 
(2,17) ->(2,17) 
Block info:246 243 241 248 
(20,22) ->(20,22) 
Block info:243 248 241 251 
(19,24) ->(19,24) 
Block info:253 241 244 245 
(21,13) ->(21,13) 
Block info:247 250 241 241 
(17,26) ->(17,26) 
Block info:255 241 247 242 
(19,22) ->(19,22) 
Block info:241 251 251 255 
(9,15) ->(9,15) 
Block info:253 241 251 246 
(3,21) ->(3,21) 
Block info:255 241 255 238 
(23,8) ->(23,8) 
Block info:243 255 242 255 
(16,26) ->(16,26) 
Block info:242 245 255 246 
(23,14) ->(23,14) 
Block info:247 242 252 252 
(24,0) ->(24,0) 
Block info:249 242 251 241 
(19,14) ->(19,14) 
Block info:254 249 242 255 
(11,20) ->(11,20) 
Block info:252 242 250 242 
(31,5) ->(31,5) 
Block info:242 255 250 244 
(16,12) ->(16,12) 
Block info:255 242 254 234 
(22,0) ->(22,0) 
Block info:255 242 255 238 
(30,1) ->(30,1) 
Block info:249 243 245 248 
(4,15) ->(4,15) 
Block info:243 246 250 243 
(30,12) ->(30,12) 
Block info:251 243 250 245 
(9,16) ->(9,16) 
Block info:250 243 251 251 
(12,15) ->(12,15) 
Block info:250 255 243 255 
(25,14) ->(25,14) 
Block info:255 243 251 244 
(9,20) ->(9,20) 
Block info:243 255 253 234 
(12,27) ->(12,27) 
Block info:243 255 255 233 
(15,30) ->(15,30) 
Block info:244 245 252 249 
(8,25) ->(8,25) 
Block info:244 255 245 247 
(3,17) ->(3,17) 
Block info:255 244 250 243 
(26,8) ->(26,8) 
Block info:253 251 244 255 
(10,25) ->(10,25) 
Block info:244 251 255 233 
(24,15) ->(24,15) 
Block info:253 250 245 247 
(9,24) ->(9,24) 
Block info:254 245 255 245 
(4,17) ->(4,17) 
Block info:246 249 246 255 
(11,15) ->(11,15) 
Block info:249 246 255 230 
(17,12) ->(17,12) 
Block info:255 246 249 245 
(10,24) ->(10,24) 
Block info:255 246 255 243 
(31,0) ->(31,0) 
Block info:255 246 255 251 
(3,30) ->(3,30) 
Block info:247 247 252 255 
(15,26) ->(15,26) 
Block info:250 247 248 238 
(21,8) ->(21,8) 
Block info:250 255 247 255 
(9,4) ->(9,4) 
Block info:248 249 254 255 
(28,0) ->(28,0) 
Block info:248 255 249 246 
(27,8) ->(27,8) 
Block info:250 248 254 253 
(30,22) ->(30,22) 
Block info:255 248 255 252 
(14,30) ->(14,30) 
Block info:255 255 248 255 
(4,30) ->(4,30) 
Block info:249 255 250 240 
(28,4) ->(28,4) 
Block info:249 255 250 255 
(8,4) ->(8,4) 
Block info:253 249 255 251 
(8,21) (7,21) ->(8,21) (7,21) 
Block info:254 249 255 252 
(13,27) ->(13,27) 
Block info:251 250 253 255 
(23,9) ->(23,9) 
Block info:255 251 250 255 
(27,0) ->(27,0) 
Block info:255 250 255 249 
(24,14) ->(24,14) 
Block info:255 255 250 255 
(28,6) ->(28,6) 
Block info:253 251 251 238 
(29,12) ->(29,12) 
Block info:253 255 251 252 
(9,25) ->(9,25) 
Block info:255 255 251 250 
(25,4) ->(25,4) 
Block info:251 255 255 254 
(10,15) ->(10,15) 
Block info:255 255 251 255 
(25,0) (0,17) ->(25,0) (0,17) 
Block info:255 255 252 247 
(30,0) ->(30,0) 
Block info:255 254 255 247 
(29,6) ->(29,6) 
Block info:255 255 255 234 
(6,30) ->(6,30) 
Block info:255 255 255 235 
(3,24) ->(3,24) 
Block info:255 255 255 245 
(31,22) ->(31,22) 
Block info:255 255 255 247 
(14,27) ->(14,27) 
Block info:255 255 255 250 
(6,21) ->(6,21) 
Block info:255 255 255 255 
(30,6) (29,0) (26,0) (13,30) ->(30,6) (29,0) (26,0) (13,30) 
